[DASH_CAM]
POS=0.346706,1.038360,0.129858
EXP=20
